Epoch 1
-------------------------------
0
100
200
300
400
500
600
700
800
900
1000
1100
1200
1300
1400
1500
1600
1700
1800
1900
2000
2100
2200
2300
2400
2500
2600
2700
2800
2900
3000
3100
3200
3300
3400
3500
3600
3700
3800
3900
4000
4100
4200
4300
4400
4500
4600
4700
4800
4900
5000
5100
5200
5300
5400
5500
5600
 Train Accuracy: 76.7%, Train Avg loss 0.700830 

Test Accuracy: 85.0%, Test Avg loss: 0.439764 

Epoch 2
-------------------------------
0
100
200
300
400
500
600
700
800
900
1000
1100
1200
1300
1400
1500
1600
1700
1800
1900
2000
2100
2200
2300
2400
2500
2600
2700
2800
2900
3000
3100
3200
3300
3400
3500
3600
3700
3800
3900
4000
4100
4200
4300
4400
4500
4600
4700
4800
4900
5000
5100
5200
5300
5400
5500
5600
 Train Accuracy: 86.1%, Train Avg loss 0.421026 

Test Accuracy: 89.3%, Test Avg loss: 0.330503 

Epoch 3
-------------------------------
0
100
200
300
400
500
600
700
800
900
1000
1100
1200
1300
1400
1500
1600
1700
1800
1900
2000
2100
2200
2300
2400
2500
2600
2700
2800
2900
3000
3100
3200
3300
3400
3500
3600
3700
3800
3900
4000
4100
4200
4300
4400
4500
4600
4700
4800
4900
5000
5100
5200
5300
5400
5500
5600
 Train Accuracy: 90.5%, Train Avg loss 0.282424 

Test Accuracy: 89.4%, Test Avg loss: 0.315796 

Epoch 4
-------------------------------
0
100
200
300
400
500
600
700
800
900
1000
1100
1200
1300
1400
1500
1600
1700
1800
1900
2000
2100
2200
2300
2400
2500
2600
2700
2800
2900
3000
3100
3200
3300
3400
3500
3600
3700
3800
3900
4000
4100
4200
4300
4400
4500
4600
4700
4800
4900
5000
5100
5200
5300
5400
5500
5600
 Train Accuracy: 93.2%, Train Avg loss 0.200478 

Test Accuracy: 89.8%, Test Avg loss: 0.323340 

Epoch 5
-------------------------------
0
100
200
300
400
500
600
700
800
900
1000
1100
1200
1300
1400
1500
1600
1700
1800
1900
2000
2100
2200
2300
2400
2500
2600
2700
2800
2900
3000
3100
3200
3300
3400
3500
3600
3700
3800
3900
4000
4100
4200
4300
4400
4500
4600
4700
4800
4900
5000
5100
5200
5300
5400
5500
5600
 Train Accuracy: 95.0%, Train Avg loss 0.147623 

Test Accuracy: 89.1%, Test Avg loss: 0.370996 

Epoch 6
-------------------------------
0
100
200
300
400
500
600
700
800
900
1000
1100
1200
1300
1400
1500
1600
1700
1800
1900
2000
2100
2200
2300
2400
2500
2600
2700
2800
2900
3000
3100
3200
3300
3400
3500
3600
3700
3800
3900
4000
4100
4200
4300
4400
4500
4600
4700
4800
4900
5000
5100
5200
5300
5400
5500
5600
 Train Accuracy: 97.9%, Train Avg loss 0.065394 

Test Accuracy: 91.8%, Test Avg loss: 0.291530 

Epoch 7
-------------------------------
0
100
200
300
400
500
600
700
800
900
1000
1100
1200
1300
1400
1500
1600
1700
1800
1900
2000
2100
2200
2300
2400
2500
2600
2700
2800
2900
3000
3100
3200
3300
3400
3500
3600
3700
3800
3900
4000
4100
4200
4300
4400
4500
4600
4700
4800
4900
5000
5100
5200
5300
5400
5500
5600
 Train Accuracy: 98.6%, Train Avg loss 0.043576 

Test Accuracy: 91.0%, Test Avg loss: 0.328477 

Epoch 8
-------------------------------
0
100
200
300
400
500
600
700
800
900
1000
1100
1200
1300
1400
1500
1600
1700
1800
1900
2000
2100
2200
2300
2400
2500
2600
2700
2800
2900
3000
3100
3200
3300
3400
3500
3600
3700
3800
3900
4000
4100
4200
4300
4400
4500
4600
4700
4800
4900
5000
5100
5200
5300
5400
5500
5600
 Train Accuracy: 98.8%, Train Avg loss 0.037556 

Test Accuracy: 91.2%, Test Avg loss: 0.328439 

Epoch 9
-------------------------------
0
100
200
300
400
500
600
700
800
900
1000
1100
1200
1300
1400
1500
1600
1700
1800
1900
2000
2100
2200
2300
2400
2500
2600
2700
2800
2900
3000
3100
3200
3300
3400
3500
3600
3700
3800
3900
4000
4100
4200
4300
4400
4500
4600
4700
4800
4900
5000
5100
5200
5300
5400
5500
5600
 Train Accuracy: 98.9%, Train Avg loss 0.034983 

Test Accuracy: 89.6%, Test Avg loss: 0.403474 

Epoch 10
-------------------------------
0
100
200
300
400
500
600
700
800
900
1000
1100
1200
1300
1400
1500
1600
1700
1800
1900
2000
2100
2200
2300
2400
2500
2600
2700
2800
2900
3000
3100
3200
3300
3400
3500
3600
3700
3800
3900
4000
4100
4200
4300
4400
4500
4600
4700
4800
4900
5000
5100
5200
5300
5400
5500
5600
 Train Accuracy: 98.9%, Train Avg loss 0.032961 

Test Accuracy: 91.3%, Test Avg loss: 0.327154 

Epoch 11
-------------------------------
0
100
200
300
400
500
600
700
800
900
1000
1100
1200
1300
1400
1500
1600
1700
1800
1900
2000
2100
2200
2300
2400
2500
2600
2700
2800
2900
3000
3100
3200
3300
3400
3500
3600
3700
3800
3900
4000
4100
4200
4300
4400
4500
4600
4700
4800
4900
5000
5100
5200
5300
5400
5500
5600
 Train Accuracy: 99.5%, Train Avg loss 0.016640 

Test Accuracy: 92.4%, Test Avg loss: 0.299675 

Epoch 12
-------------------------------
0
100
200
300
400
500
600
700
800
900
1000
1100
1200
1300
1400
1500
1600
1700
1800
1900
2000
2100
2200
2300
2400
2500
2600
2700
2800
2900
3000
3100
3200
3300
3400
3500
3600
3700
3800
3900
4000
4100
4200
4300
4400
4500
4600
4700
4800
4900
5000
5100
5200
5300
5400
5500
5600
 Train Accuracy: 99.6%, Train Avg loss 0.011913 

Test Accuracy: 91.8%, Test Avg loss: 0.313211 

Epoch 13
-------------------------------
0
100
200
300
400
500
600
700
800
900
1000
1100
1200
1300
1400
1500
1600
1700
1800
1900
2000
2100
2200
2300
2400
2500
2600
2700
2800
2900
3000
3100
3200
3300
3400
3500
3600
3700
3800
3900
4000
4100
4200
4300
4400
4500
4600
4700
4800
4900
5000
5100
5200
5300
5400
5500
5600
 Train Accuracy: 99.6%, Train Avg loss 0.011042 

Test Accuracy: 91.6%, Test Avg loss: 0.331428 

Epoch 14
-------------------------------
0
100
200
300
400
500
600
700
800
900
1000
1100
1200
1300
1400
1500
1600
1700
1800
1900
2000
2100
2200
2300
2400
2500
2600
2700
2800
2900
3000
3100
3200
3300
3400
3500
3600
3700
3800
3900
4000
4100
4200
4300
4400
4500
4600
4700
4800
4900
5000
5100
5200
5300
5400
5500
5600
 Train Accuracy: 99.7%, Train Avg loss 0.009988 

Test Accuracy: 91.6%, Test Avg loss: 0.339977 

Epoch 15
-------------------------------
0
100
200
300
400
500
600
700
800
900
1000
1100
1200
1300
1400
1500
1600
1700
1800
1900
2000
2100
2200
2300
2400
2500
2600
2700
2800
2900
3000
3100
3200
3300
3400
3500
3600
3700
3800
3900
4000
4100
4200
4300
4400
4500
4600
4700
4800
4900
5000
5100
5200
5300
5400
5500
5600
 Train Accuracy: 99.7%, Train Avg loss 0.010041 

Test Accuracy: 91.7%, Test Avg loss: 0.351735 

Epoch 16
-------------------------------
0
100
200
300
400
500
600
700
800
900
1000
1100
1200
1300
1400
1500
1600
1700
1800
1900
2000
2100
2200
2300
2400
2500
2600
2700
2800
2900
3000
3100
3200
3300
3400
3500
3600
3700
3800
3900
4000
4100
4200
4300
4400
4500
4600
4700
4800
4900
5000
5100
5200
5300
5400
5500
5600
 Train Accuracy: 99.8%, Train Avg loss 0.005380 

Test Accuracy: 92.0%, Test Avg loss: 0.321374 

Epoch 17
-------------------------------
0
100
200
300
400
500
600
700
800
900
1000
1100
1200
1300
1400
1500
1600
1700
1800
1900
2000
2100
2200
2300
2400
2500
2600
2700
2800
2900
3000
3100
3200
3300
3400
3500
3600
3700
3800
3900
4000
4100
4200
4300
4400
4500
4600
4700
4800
4900
5000
5100
5200
5300
5400
5500
5600
 Train Accuracy: 99.9%, Train Avg loss 0.004558 

Test Accuracy: 92.4%, Test Avg loss: 0.320727 

Epoch 18
-------------------------------
0
100
200
300
400
500
600
700
800
900
1000
1100
1200
1300
1400
1500
1600
1700
1800
1900
2000
2100
2200
2300
2400
2500
2600
2700
2800
2900
3000
3100
3200
3300
3400
3500
3600
3700
3800
3900
4000
4100
4200
4300
4400
4500
4600
4700
4800
4900
5000
5100
5200
5300
5400
5500
5600
 Train Accuracy: 99.9%, Train Avg loss 0.003600 

Test Accuracy: 92.1%, Test Avg loss: 0.329040 

Epoch 19
-------------------------------
0
100
200
300
400
500
600
700
800
900
1000
1100
1200
1300
1400
1500
1600
1700
1800
1900
2000
2100
2200
2300
2400
2500
2600
2700
2800
2900
3000
3100
3200
3300
3400
3500
3600
3700
3800
3900
4000
4100
4200
4300
4400
4500
4600
4700
4800
4900
5000
5100
5200
5300
5400
5500
5600
 Train Accuracy: 99.9%, Train Avg loss 0.003578 

Test Accuracy: 92.3%, Test Avg loss: 0.321730 

Epoch 20
-------------------------------
0
100
200
300
400
500
600
700
800
900
1000
1100
1200
1300
1400
1500
1600
1700
1800
1900
2000
2100
2200
2300
2400
2500
2600
2700
2800
2900
3000
3100
3200
3300
3400
3500
3600
3700
3800
3900
4000
4100
4200
4300
4400
4500
4600
4700
4800
4900
5000
5100
5200
5300
5400
5500
5600
 Train Accuracy: 99.9%, Train Avg loss 0.003581 

Test Accuracy: 91.9%, Test Avg loss: 0.343503 

Epoch 21
-------------------------------
0
100
200
300
400
500
600
700
800
900
1000
1100
1200
1300
1400
1500
1600
1700
1800
1900
2000
2100
2200
2300
2400
2500
2600
2700
2800
2900
3000
3100
3200
3300
3400
3500
3600
3700
3800
3900
4000
4100
4200
4300
4400
4500
4600
4700
4800
4900
5000
5100
5200
5300
5400
5500
5600
 Train Accuracy: 99.9%, Train Avg loss 0.002760 

Test Accuracy: 92.4%, Test Avg loss: 0.327231 

Epoch 22
-------------------------------
0
100
200
300
400
500
600
700
800
900
1000
1100
1200
1300
1400
1500
1600
1700
1800
1900
2000
2100
2200
2300
2400
2500
2600
2700
2800
2900
3000
3100
3200
3300
3400
3500
3600
3700
3800
3900
4000
4100
4200
4300
4400
4500
4600
4700
4800
4900
5000
5100
5200
5300
5400
5500
5600
 Train Accuracy: 100.0%, Train Avg loss 0.001868 

Test Accuracy: 92.9%, Test Avg loss: 0.326372 

Epoch 23
-------------------------------
0
100
200
300
400
500
600
700
800
900
1000
1100
1200
1300
1400
1500
1600
1700
1800
1900
2000
2100
2200
2300
2400
2500
2600
2700
2800
2900
3000
3100
3200
3300
3400
3500
3600
3700
3800
3900
4000
4100
4200
4300
4400
4500
4600
4700
4800
4900
5000
5100
5200
5300
5400
5500
5600
 Train Accuracy: 99.9%, Train Avg loss 0.001886 

Test Accuracy: 92.4%, Test Avg loss: 0.331153 

Epoch 24
-------------------------------
0
100
200
300
400
500
600
700
800
900
1000
1100
1200
1300
1400
1500
1600
1700
1800
1900
2000
2100
2200
2300
2400
2500
2600
2700
2800
2900
3000
3100
3200
3300
3400
3500
3600
3700
3800
3900
4000
4100
4200
4300
4400
4500
4600
4700
4800
4900
5000
5100
5200
5300
5400
5500
5600
 Train Accuracy: 100.0%, Train Avg loss 0.001439 

Test Accuracy: 92.3%, Test Avg loss: 0.338812 

Epoch 25
-------------------------------
0
100
200
300
400
500
600
700
800
900
1000
1100
1200
1300
1400
1500
1600
1700
1800
1900
2000
2100
2200
2300
2400
2500
2600
2700
2800
2900
3000
3100
3200
3300
3400
3500
3600
3700
3800
3900
4000
4100
4200
4300
4400
4500
4600
4700
4800
4900
5000
5100
5200
5300
5400
5500
5600
 Train Accuracy: 100.0%, Train Avg loss 0.001178 

Test Accuracy: 92.2%, Test Avg loss: 0.348592 

Epoch 26
-------------------------------
0
100
200
300
400
500
600
700
800
900
1000
1100
1200
1300
1400
1500
1600
1700
1800
1900
2000
2100
2200
2300
2400
2500
2600
2700
2800
2900
3000
3100
3200
3300
3400
3500
3600
3700
3800
3900
4000
4100
4200
4300
4400
4500
4600
4700
4800
4900
5000
5100
5200
5300
5400
5500
5600
 Train Accuracy: 100.0%, Train Avg loss 0.001063 

Test Accuracy: 92.2%, Test Avg loss: 0.339145 

Epoch 27
-------------------------------
0
100
200
300
400
500
600
700
800
900
1000
1100
1200
1300
1400
1500
1600
1700
1800
1900
2000
2100
2200
2300
2400
2500
2600
2700
2800
2900
3000
3100
3200
3300
3400
3500
3600
3700
3800
3900
4000
4100
4200
4300
4400
4500
4600
4700
4800
4900
5000
5100
5200
5300
5400
5500
5600
 Train Accuracy: 100.0%, Train Avg loss 0.001004 

Test Accuracy: 92.6%, Test Avg loss: 0.338477 

Epoch 28
-------------------------------
0
100
200
300
400
500
600
700
800
900
1000
1100
1200
1300
1400
1500
1600
1700
1800
1900
2000
2100
2200
2300
2400
2500
2600
2700
2800
2900
3000
3100
3200
3300
3400
3500
3600
3700
3800
3900
4000
4100
4200
4300
4400
4500
4600
4700
4800
4900
5000
5100
5200
5300
5400
5500
5600
 Train Accuracy: 100.0%, Train Avg loss 0.001286 

Test Accuracy: 92.5%, Test Avg loss: 0.345328 

Epoch 29
-------------------------------
0
100
200
300
400
500
600
700
800
900
1000
1100
1200
1300
1400
1500
1600
1700
1800
1900
2000
2100
2200
2300
2400
2500
2600
2700
2800
2900
3000
3100
3200
3300
3400
3500
3600
3700
3800
3900
4000
4100
4200
4300
4400
4500
4600
4700
4800
4900
5000
5100
5200
5300
5400
5500
5600
 Train Accuracy: 100.0%, Train Avg loss 0.000853 

Test Accuracy: 92.5%, Test Avg loss: 0.351558 

Epoch 30
-------------------------------
0
100
200
300
400
500
600
700
800
900
1000
1100
1200
1300
1400
1500
1600
1700
1800
1900
2000
2100
2200
2300
2400
2500
2600
2700
2800
2900
3000
3100
3200
3300
3400
3500
3600
3700
3800
3900
4000
4100
4200
4300
4400
4500
4600
4700
4800
4900
5000
5100
5200
5300
5400
5500
5600
 Train Accuracy: 100.0%, Train Avg loss 0.000816 

Test Accuracy: 92.4%, Test Avg loss: 0.332975