Epoch 1
-------------------------------
0
100
200
300
400
500
600
700
800
900
1000
1100
1200
1300
1400
1500
1600
1700
1800
1900
2000
2100
2200
2300
2400
2500
2600
2700
2800
2900
3000
3100
3200
3300
3400
3500
3600
3700
3800
3900
4000
4100
4200
4300
4400
4500
4600
4700
4800
4900
5000
5100
5200
5300
5400
5500
5600
 Train Accuracy: 76.2%, Train Avg loss 0.711868 

Test Accuracy: 84.7%, Test Avg loss: 0.451051 

Epoch 2
-------------------------------
0
100
200
300
400
500
600
700
800
900
1000
1100
1200
1300
1400
1500
1600
1700
1800
1900
2000
2100
2200
2300
2400
2500
2600
2700
2800
2900
3000
3100
3200
3300
3400
3500
3600
3700
3800
3900
4000
4100
4200
4300
4400
4500
4600
4700
4800
4900
5000
5100
5200
5300
5400
5500
5600
 Train Accuracy: 84.1%, Train Avg loss 0.476684 

Test Accuracy: 87.9%, Test Avg loss: 0.354677 

Epoch 3
-------------------------------
0
100
200
300
400
500
600
700
800
900
1000
1100
1200
1300
1400
1500
1600
1700
1800
1900
2000
2100
2200
2300
2400
2500
2600
2700
2800
2900
3000
3100
3200
3300
3400
3500
3600
3700
3800
3900
4000
4100
4200
4300
4400
4500
4600
4700
4800
4900
5000
5100
5200
5300
5400
5500
5600
 Train Accuracy: 86.7%, Train Avg loss 0.397663 

Test Accuracy: 87.9%, Test Avg loss: 0.358222 

Epoch 4
-------------------------------
0
100
200
300
400
500
600
700
800
900
1000
1100
1200
1300
1400
1500
1600
1700
1800
1900
2000
2100
2200
2300
2400
2500
2600
2700
2800
2900
3000
3100
3200
3300
3400
3500
3600
3700
3800
3900
4000
4100
4200
4300
4400
4500
4600
4700
4800
4900
5000
5100
5200
5300
5400
5500
5600
 Train Accuracy: 87.6%, Train Avg loss 0.369235 

Test Accuracy: 87.4%, Test Avg loss: 0.377109 

Epoch 5
-------------------------------
0
100
200
300
400
500
600
700
800
900
1000
1100
1200
1300
1400
1500
1600
1700
1800
1900
2000
2100
2200
2300
2400
2500
2600
2700
2800
2900
3000
3100
3200
3300
3400
3500
3600
3700
3800
3900
4000
4100
4200
4300
4400
4500
4600
4700
4800
4900
5000
5100
5200
5300
5400
5500
5600
 Train Accuracy: 88.3%, Train Avg loss 0.353973 

Test Accuracy: 85.8%, Test Avg loss: 0.426457 

Epoch 6
-------------------------------
0
100
200
300
400
500
600
700
800
900
1000
1100
1200
1300
1400
1500
1600
1700
1800
1900
2000
2100
2200
2300
2400
2500
2600
2700
2800
2900
3000
3100
3200
3300
3400
3500
3600
3700
3800
3900
4000
4100
4200
4300
4400
4500
4600
4700
4800
4900
5000
5100
5200
5300
5400
5500
5600
 Train Accuracy: 88.4%, Train Avg loss 0.345618 

Test Accuracy: 88.5%, Test Avg loss: 0.342756 

Epoch 7
-------------------------------
0
100
200
300
400
500
600
700
800
900
1000
1100
1200
1300
1400
1500
1600
1700
1800
1900
2000
2100
2200
2300
2400
2500
2600
2700
2800
2900
3000
3100
3200
3300
3400
3500
3600
3700
3800
3900
4000
4100
4200
4300
4400
4500
4600
4700
4800
4900
5000
5100
5200
5300
5400
5500
5600
 Train Accuracy: 88.8%, Train Avg loss 0.338801 

Test Accuracy: 88.2%, Test Avg loss: 0.346327 

Epoch 8
-------------------------------
0
100
200
300
400
500
600
700
800
900
1000
1100
1200
1300
1400
1500
1600
1700
1800
1900
2000
2100
2200
2300
2400
2500
2600
2700
2800
2900
3000
3100
3200
3300
3400
3500
3600
3700
3800
3900
4000
4100
4200
4300
4400
4500
4600
4700
4800
4900
5000
5100
5200
5300
5400
5500
5600
 Train Accuracy: 93.1%, Train Avg loss 0.203633 

Test Accuracy: 89.6%, Test Avg loss: 0.318410 

Epoch 9
-------------------------------
0
100
200
300
400
500
600
700
800
900
1000
1100
1200
1300
1400
1500
1600
1700
1800
1900
2000
2100
2200
2300
2400
2500
2600
2700
2800
2900
3000
3100
3200
3300
3400
3500
3600
3700
3800
3900
4000
4100
4200
4300
4400
4500
4600
4700
4800
4900
5000
5100
5200
5300
5400
5500
5600
 Train Accuracy: 94.2%, Train Avg loss 0.175867 

Test Accuracy: 87.7%, Test Avg loss: 0.390101 

Epoch 10
-------------------------------
0
100
200
300
400
500
600
700
800
900
1000
1100
1200
1300
1400
1500
1600
1700
1800
1900
2000
2100
2200
2300
2400
2500
2600
2700
2800
2900
3000
3100
3200
3300
3400
3500
3600
3700
3800
3900
4000
4100
4200
4300
4400
4500
4600
4700
4800
4900
5000
5100
5200
5300
5400
5500
5600
 Train Accuracy: 94.3%, Train Avg loss 0.170821 

Test Accuracy: 89.8%, Test Avg loss: 0.305887 

Epoch 11
-------------------------------
0
100
200
300
400
500
600
700
800
900
1000
1100
1200
1300
1400
1500
1600
1700
1800
1900
2000
2100
2200
2300
2400
2500
2600
2700
2800
2900
3000
3100
3200
3300
3400
3500
3600
3700
3800
3900
4000
4100
4200
4300
4400
4500
4600
4700
4800
4900
5000
5100
5200
5300
5400
5500
5600
 Train Accuracy: 94.2%, Train Avg loss 0.175950 

Test Accuracy: 89.6%, Test Avg loss: 0.316027 

Epoch 12
-------------------------------
0
100
200
300
400
500
600
700
800
900
1000
1100
1200
1300
1400
1500
1600
1700
1800
1900
2000
2100
2200
2300
2400
2500
2600
2700
2800
2900
3000
3100
3200
3300
3400
3500
3600
3700
3800
3900
4000
4100
4200
4300
4400
4500
4600
4700
4800
4900
5000
5100
5200
5300
5400
5500
5600
 Train Accuracy: 94.0%, Train Avg loss 0.181311 

Test Accuracy: 89.4%, Test Avg loss: 0.323872 

Epoch 13
-------------------------------
0
100
200
300
400
500
600
700
800
900
1000
1100
1200
1300
1400
1500
1600
1700
1800
1900
2000
2100
2200
2300
2400
2500
2600
2700
2800
2900
3000
3100
3200
3300
3400
3500
3600
3700
3800
3900
4000
4100
4200
4300
4400
4500
4600
4700
4800
4900
5000
5100
5200
5300
5400
5500
5600
 Train Accuracy: 93.9%, Train Avg loss 0.183406 

Test Accuracy: 87.8%, Test Avg loss: 0.356092 

Epoch 14
-------------------------------
0
100
200
300
400
500
600
700
800
900
1000
1100
1200
1300
1400
1500
1600
1700
1800
1900
2000
2100
2200
2300
2400
2500
2600
2700
2800
2900
3000
3100
3200
3300
3400
3500
3600
3700
3800
3900
4000
4100
4200
4300
4400
4500
4600
4700
4800
4900
5000
5100
5200
5300
5400
5500
5600
 Train Accuracy: 94.0%, Train Avg loss 0.183152 

Test Accuracy: 89.3%, Test Avg loss: 0.332053 

Epoch 15
-------------------------------
0
100
200
300
400
500
600
700
800
900
1000
1100
1200
1300
1400
1500
1600
1700
1800
1900
2000
2100
2200
2300
2400
2500
2600
2700
2800
2900
3000
3100
3200
3300
3400
3500
3600
3700
3800
3900
4000
4100
4200
4300
4400
4500
4600
4700
4800
4900
5000
5100
5200
5300
5400
5500
5600
 Train Accuracy: 97.1%, Train Avg loss 0.092658 

Test Accuracy: 91.1%, Test Avg loss: 0.280039 

Epoch 16
-------------------------------
0
100
200
300
400
500
600
700
800
900
1000
1100
1200
1300
1400
1500
1600
1700
1800
1900
2000
2100
2200
2300
2400
2500
2600
2700
2800
2900
3000
3100
3200
3300
3400
3500
3600
3700
3800
3900
4000
4100
4200
4300
4400
4500
4600
4700
4800
4900
5000
5100
5200
5300
5400
5500
5600
 Train Accuracy: 97.7%, Train Avg loss 0.071790 

Test Accuracy: 90.4%, Test Avg loss: 0.309144 

Epoch 17
-------------------------------
0
100
200
300
400
500
600
700
800
900
1000
1100
1200
1300
1400
1500
1600
1700
1800
1900
2000
2100
2200
2300
2400
2500
2600
2700
2800
2900
3000
3100
3200
3300
3400
3500
3600
3700
3800
3900
4000
4100
4200
4300
4400
4500
4600
4700
4800
4900
5000
5100
5200
5300
5400
5500
5600
 Train Accuracy: 97.7%, Train Avg loss 0.075004 

Test Accuracy: 90.4%, Test Avg loss: 0.322317 

Epoch 18
-------------------------------
0
100
200
300
400
500
600
700
800
900
1000
1100
1200
1300
1400
1500
1600
1700
1800
1900
2000
2100
2200
2300
2400
2500
2600
2700
2800
2900
3000
3100
3200
3300
3400
3500
3600
3700
3800
3900
4000
4100
4200
4300
4400
4500
4600
4700
4800
4900
5000
5100
5200
5300
5400
5500
5600
 Train Accuracy: 97.5%, Train Avg loss 0.076081 

Test Accuracy: 89.7%, Test Avg loss: 0.330247 

Epoch 19
-------------------------------
0
100
200
300
400
500
600
700
800
900
1000
1100
1200
1300
1400
1500
1600
1700
1800
1900
2000
2100
2200
2300
2400
2500
2600
2700
2800
2900
3000
3100
3200
3300
3400
3500
3600
3700
3800
3900
4000
4100
4200
4300
4400
4500
4600
4700
4800
4900
5000
5100
5200
5300
5400
5500
5600
 Train Accuracy: 97.6%, Train Avg loss 0.075602 

Test Accuracy: 90.5%, Test Avg loss: 0.288673 

Epoch 20
-------------------------------
0
100
200
300
400
500
600
700
800
900
1000
1100
1200
1300
1400
1500
1600
1700
1800
1900
2000
2100
2200
2300
2400
2500
2600
2700
2800
2900
3000
3100
3200
3300
3400
3500
3600
3700
3800
3900
4000
4100
4200
4300
4400
4500
4600
4700
4800
4900
5000
5100
5200
5300
5400
5500
5600
 Train Accuracy: 97.4%, Train Avg loss 0.082193 

Test Accuracy: 90.0%, Test Avg loss: 0.339021 

Epoch 21
-------------------------------
0
100
200
300
400
500
600
700
800
900
1000
1100
1200
1300
1400
1500
1600
1700
1800
1900
2000
2100
2200
2300
2400
2500
2600
2700
2800
2900
3000
3100
3200
3300
3400
3500
3600
3700
3800
3900
4000
4100
4200
4300
4400
4500
4600
4700
4800
4900
5000
5100
5200
5300
5400
5500
5600
 Train Accuracy: 97.2%, Train Avg loss 0.086209 

Test Accuracy: 90.9%, Test Avg loss: 0.312128 

Epoch 22
-------------------------------
0
100
200
300
400
500
600
700
800
900
1000
1100
1200
1300
1400
1500
1600
1700
1800
1900
2000
2100
2200
2300
2400
2500
2600
2700
2800
2900
3000
3100
3200
3300
3400
3500
3600
3700
3800
3900
4000
4100
4200
4300
4400
4500
4600
4700
4800
4900
5000
5100
5200
5300
5400
5500
5600
 Train Accuracy: 98.9%, Train Avg loss 0.038459 

Test Accuracy: 91.5%, Test Avg loss: 0.277674 

Epoch 23
-------------------------------
0
100
200
300
400
500
600
700
800
900
1000
1100
1200
1300
1400
1500
1600
1700
1800
1900
2000
2100
2200
2300
2400
2500
2600
2700
2800
2900
3000
3100
3200
3300
3400
3500
3600
3700
3800
3900
4000
4100
4200
4300
4400
4500
4600
4700
4800
4900
5000
5100
5200
5300
5400
5500
5600
 Train Accuracy: 99.1%, Train Avg loss 0.031585 

Test Accuracy: 91.3%, Test Avg loss: 0.319610 

Epoch 24
-------------------------------
0
100
200
300
400
500
600
700
800
900
1000
1100
1200
1300
1400
1500
1600
1700
1800
1900
2000
2100
2200
2300
2400
2500
2600
2700
2800
2900
3000
3100
3200
3300
3400
3500
3600
3700
3800
3900
4000
4100
4200
4300
4400
4500
4600
4700
4800
4900
5000
5100
5200
5300
5400
5500
5600
 Train Accuracy: 99.1%, Train Avg loss 0.029776 

Test Accuracy: 91.3%, Test Avg loss: 0.305225 

Epoch 25
-------------------------------
0
100
200
300
400
500
600
700
800
900
1000
1100
1200
1300
1400
1500
1600
1700
1800
1900
2000
2100
2200
2300
2400
2500
2600
2700
2800
2900
3000
3100
3200
3300
3400
3500
3600
3700
3800
3900
4000
4100
4200
4300
4400
4500
4600
4700
4800
4900
5000
5100
5200
5300
5400
5500
5600
 Train Accuracy: 99.2%, Train Avg loss 0.029189 

Test Accuracy: 91.6%, Test Avg loss: 0.303773 

Epoch 26
-------------------------------
0
100
200
300
400
500
600
700
800
900
1000
1100
1200
1300
1400
1500
1600
1700
1800
1900
2000
2100
2200
2300
2400
2500
2600
2700
2800
2900
3000
3100
3200
3300
3400
3500
3600
3700
3800
3900
4000
4100
4200
4300
4400
4500
4600
4700
4800
4900
5000
5100
5200
5300
5400
5500
5600
 Train Accuracy: 99.0%, Train Avg loss 0.031683 

Test Accuracy: 91.2%, Test Avg loss: 0.309700 

Epoch 27
-------------------------------
0
100
200
300
400
500
600
700
800
900
1000
1100
1200
1300
1400
1500
1600
1700
1800
1900
2000
2100
2200
2300
2400
2500
2600
2700
2800
2900
3000
3100
3200
3300
3400
3500
3600
3700
3800
3900
4000
4100
4200
4300